HPWL 1819156.5
SOFTMODULE 28
M0 4
1218 1165
1218 1652
1629 1652
1629 1165
M1 4
1629 1165
1629 1555
2142 1555
2142 1165
M2 4
1629 1555
1629 1889
2228 1889
2228 1555
M3 4
1144 1892
1144 2230
1737 2230
1737 1892
M4 4
771 2234
771 2682
1218 2682
1218 2234
M5 4
353 1889
353 2234
933 2234
933 1889
M6 4
460 1290
460 1665
994 1665
994 1290
M7 4
994 1185
994 1632
1218 1632
1218 1185
M8 4
1218 935
1218 1165
1653 1165
1653 935
M9 4
1663 940
1663 1165
2108 1165
2108 940
M10 4
2142 1165
2142 1506
2436 1506
2436 1165
M11 4
2228 1506
2228 1939
2459 1939
2459 1506
M12 4
1737 1889
1737 2136
2142 2136
2142 1889
M13 4
1218 2230
1218 2454
1665 2454
1665 2230
M14 4
1218 2454
1218 2679
1663 2679
1663 2454
M15 4
771 2682
771 2906
1218 2906
1218 2682
M16 4
547 2235
547 2682
771 2682
771 2235
M17 4
0 1920
0 2204
353 2204
353 1920
M18 4
353 1665
353 1889
800 1889
800 1665
M19 4
193 1290
193 1665
460 1665
460 1290
M20 4
500 1059
500 1290
933 1290
933 1059
M21 4
1413 1652
1413 1791
1629 1791
1629 1652
M22 4
933 1939
933 2183
1056 2183
1056 1939
M23 4
1204 1652
1204 1892
1413 1892
1413 1652
M24 4
1011 1632
1011 1892
1204 1892
1204 1632
M25 4
1218 40
1218 935
2336 935
2336 40
M26 4
40 40
40 1059
1218 1059
1218 40
M27 4
1413 1791
1413 1891
1513 1891
1513 1791
