HPWL 152951060
SOFTMODULE 15
COM 4
2293 6579
2293 9530
5682 9530
5682 6579
GPU 4
5682 3164
5682 7932
9667 7932
9667 3164
CPU 4
620 0
620 3164
6943 3164
6943 0
NPU 4
0 3300
0 7792
2293 7792
2293 3300
IS0 4
6943 686
6943 3164
10575 3164
10575 686
IS1 4
9667 3300
9667 6115
11266 6115
11266 3300
H0 4
3358 4513
3358 6579
4617 6579
4617 4513
H1 4
2293 4513
2293 6579
3358 6579
3358 4513
H2 4
4617 4513
4617 6579
5682 6579
5682 4513
U0 4
3598 4039
3598 4513
4442 4513
4442 4039
D0 4
3598 3164
3598 4039
4513 4039
4513 3164
D1 4
4513 3177
4513 4065
5414 4065
5414 3177
E0 4
5868 7932
5868 9467
6943 9467
6943 7932
A0 4
4442 4065
4442 4513
5335 4513
5335 4065
PW0 4
2293 3164
2293 4513
3598 4513
3598 3164
