HPWL 60612487.5
SOFTMODULE 20
CPU0 4
2689 3560
2689 4257
3910 4257
3910 3560
CPU1 4
3434 2789
3434 3560
3940 3560
3940 2789
CPU2 4
2485 2482
2485 3363
2928 3363
2928 2482
CPU3 4
3434 2264
3434 2706
4317 2706
4317 2264
CPU4 4
2928 3305
2928 3560
3434 3560
3434 3305
CPU5 4
2928 3050
2928 3305
3434 3305
3434 3050
CPU6 4
2928 2795
2928 3050
3434 3050
3434 2795
CPU7 4
2928 2540
2928 2795
3434 2795
3434 2540
GPU0 4
2737 1208
2737 2264
4845 2264
4845 1208
GPU1 4
2705 215
2705 1208
3265 1208
3265 215
GPU2 4
3265 679
3265 1208
4317 1208
4317 679
GPU3 4
3265 150
3265 679
4317 679
4317 150
GPU4 4
4317 150
4317 1204
4845 1204
4845 150
NPU0 4
735 2810
735 3560
1113 3560
1113 2810
NPU1 4
1113 2699
1113 3670
1697 3670
1697 2699
NPU2 4
150 2700
150 3670
735 3670
735 2700
DSP 4
150 1620
150 2482
777 2482
777 1620
VIDEO 4
150 150
150 1620
885 1620
885 150
MODEM 4
885 150
885 1273
2689 1273
2689 150
ISP 4
885 3670
885 4257
2035 4257
2035 3670
