HPWL 15558050
SOFTMODULE 16
MCL 4
870 3125
870 3740
1500 3740
1500 3125
DCL 4
200 2178
200 3125
1831 3125
1831 2178
GNA 4
300 1500
300 2152
1602 2152
1602 1500
IPU 4
400 293
400 1500
1102 1500
1102 293
MCC 4
1102 234
1102 1500
1867 1500
1867 234
CPU0 4
1831 2381
1831 3120
3306 3120
3306 2381
CPU1 4
1867 300
1867 1295
2962 1295
2962 300
RA 4
1867 1295
1867 2381
3093 2381
3093 1295
ME0 4
3306 2381
3306 2984
4510 2984
4510 2381
ME1 4
2962 300
2962 1292
3694 1292
3694 300
GAM 4
3093 1988
3093 2381
3555 2381
3555 1988
TMU0 4
3555 1988
3555 2381
4294 2381
4294 1988
TMU1 4
3694 800
3694 1292
4285 1292
4285 800
EU0 4
3555 2984
3555 3333
4250 3333
4250 2984
EU1 4
3694 315
3694 800
4193 800
4193 315
GCL 4
3229 1292
3229 1988
4620 1988
4620 1292
