HPWL 35759550
SOFTMODULE 21
GPC0 4
150 150
150 972
566 972
566 150
GPC1 4
566 286
566 700
1392 700
1392 286
GPC2 4
566 700
566 1114
1392 1114
1392 700
GPC3 4
1392 551
1392 1201
1918 1201
1918 551
GPC4 4
1919 469
1919 1201
2386 1201
2386 469
GPC5 4
2386 464
2386 1201
2850 1201
2850 464
GPC6 4
1521 1778
1521 2550
1964 2550
1964 1778
GPC7 4
1964 1778
1964 2550
2407 2550
2407 1778
GPC8 4
2407 1778
2407 2550
2850 2550
2850 1778
CA0 4
150 1114
150 1888
1009 1888
1009 1114
CA1 4
1610 1201
1610 1778
2762 1778
2762 1201
CB 4
1009 1300
1009 1680
1610 1680
1610 1300
TPC0 4
566 2383
566 2550
885 2550
885 2383
TPC1 4
622 2143
622 2383
844 2383
844 2143
TPC2 4
150 2383
150 2550
469 2550
469 2383
TPC3 4
400 2143
400 2383
622 2383
622 2143
TPC4 4
205 1888
205 2161
400 2161
400 1888
TPC5 4
400 1903
400 2143
622 2143
622 1903
CPC0 4
1046 2310
1046 2550
1521 2550
1521 2310
CPC1 4
1046 2070
1046 2310
1521 2310
1521 2070
CPC2 4
1046 1830
1046 2070
1521 2070
1521 1830
