HPWL 19358386
SOFTMODULE 16
M0 4
1748 900
1748 1191
2100 1191
2100 900
M1 4
484 1608
484 1942
1119 1942
1119 1608
M2 4
1409 1390
1409 1579
1751 1579
1751 1390
M3 4
503 696
503 1233
1100 1233
1100 696
M4 4
1352 1579
1352 1972
1801 1972
1801 1579
M5 4
1015 1233
1015 1579
1409 1579
1409 1233
M6 4
1751 1191
1751 1579
2300 1579
2300 1191
M7 4
1457 900
1457 1103
1747 1103
1747 900
M8 4
1149 1103
1149 1233
1409 1233
1409 1103
M9 4
588 1233
588 1608
1015 1608
1015 1233
M10 4
1100 921
1100 1103
1457 1103
1457 921
M11 4
1801 1579
1801 1940
2300 1940
2300 1579
M12 4
1100 565
1100 761
1491 761
1491 565
M13 4
1409 1103
1409 1390
1748 1390
1748 1103
M14 4
1119 1579
1119 1966
1352 1966
1352 1579
M15 4
1137 761
1137 921
1457 921
1457 761
